time       ws MB  commit   gen0   gen1  gen2 MB    loh   #gc0  #gc1  #gc2 alloc MB/s pause % cpu cores
20:46:06     937     807      0      0      688     94      0     0     0          0     0.0      0.00
20:46:07     943     811      0      0      694     94    116    13     0       1051    15.1      1.34
20:46:08     945     811      0      0      694     94    178    18     0        534     4.5      1.31
20:46:09     945     811      0      0      694     94    254    18     0        610     7.1      1.42
20:46:10     945     811      0      0      694     94    344    19     0        722     9.1      1.05
20:46:11     945     811      0      0      694     94    435    21     0        742     3.6      1.03
20:46:12     946     811      0      0      694     94    527    21     0        734     3.1      1.02
20:46:13     946     811      0      0      694     94    621    21     0        750     3.3      1.00
20:46:14     946     811      0      0      694     94    714    21     0        741     3.7      1.00
20:46:15     977     835      0      8      689    116    764    25     1        524     4.4      1.16
20:46:16    1085     938      0      5      738    186    820    62     1        885    10.5      1.00
20:46:17    1310    1163      0      8      962    171    874    94     2        761     6.8      0.97
20:46:18    1595    1450      0      8     1237    175    943   131     2        921     8.1      0.98
20:46:19    1832    1677      0      8     1466    196    999   161     3        750     7.5      1.14
20:46:20    2099    1949      0      4     1731    196   1064   197     3        880     9.1      0.98
20:46:21    2352    2199      0      7     1976    204   1127   230     3        843     9.0      1.30
20:46:22    2729    2238      0      7     2020    193   1138   236     4        153    26.6      1.00
20:46:23    2633    2486      0      5     2268    193   1198   272     4        837     9.6      1.55
20:46:24    2879    2734      0      2     2518    193   1264   306     4        847     9.7      1.00
20:46:25    3161    3015      0      5     2756    226   1329   340     4        843     9.1      0.97
20:46:26    3445    3299      0      2     3001    271   1399   375     4        886     9.1      1.02
20:46:27    3712    3566      0      5     3223    310   1470   406     4        861     9.3      1.00
20:46:28    3895    3731      0      5     3402    298   1524   431     5        673     8.4      1.14
20:46:29    4129    3959      0      8     3630    298   1595   464     5        872     7.9      0.98
20:46:30    4358    4195      0      8     3853    298   1661   496     5        817     8.8      1.27
20:46:31    4799    4281      0      4     3952    297   1690   510     6        363    29.2      1.28
20:46:32    4625    4449      0      8     4118    297   1737   533     6        605     6.2      1.05
20:46:33    4850    4689      0      8     4348    297   1807   565     6        852     8.5      1.20
20:46:34    5073    4909      0      7     4570    297   1874   597     6        827     9.1      1.00
20:46:35    5178    5016      0      7     4684    284   1906   614     7        410    49.2      1.02
20:46:36    5358    5196      0      2     4866    284   1959   642     7        679    10.2      1.00
20:46:37    5578    5416      0      5     5085    284   2030   672     7        840     8.7      1.00
20:46:38    5793    5616      0      2     5286    284   2097   700     8        794     7.6      1.12
20:46:39    6031    5855      0      4     5521    284   2167   733     8        857     8.9      1.02
20:46:40    6254    6075      0      4     5739    284   2239   764     8        860     8.4      1.00
20:46:41    6470    6295      0      4     5959    284   2308   798     8        848     8.3      1.02
20:46:42    6673    6498      0      6     6156    284   2377   827     8        821     8.5      1.00
20:46:43    6889    6714      0      6     6371    284   2445   857     8        813     9.7      1.00
20:46:44    7088    6913      0      2     6564    291   2514   886     8        838     8.3      0.98
20:46:46    7172    6995      0      0     6442    401   2514   886     8         79     0.0      0.08
20:46:47    7774    7483      0      1     6442    889   2517   886     8        787     0.3      1.00
20:46:48    8472    8231      0      1     6443   1636   2519   887     8        719     0.3      0.97
20:46:49    9095    8893      0      1     6444   2290   2521   888     9        738     0.6      1.23
20:46:50    9095    8893      0      0     6445   2290   2522   889     9        512     0.2      0.98
20:46:51    9096    8893      0      1     6445   2290   2522   890     9        453     0.1      0.98
20:46:52    9258    8943      0      1     6445   2348   2524   890     9        428     0.1      1.00
20:46:53    9633    9199      0      1     6445   2603   2525   890     9        387     0.1      1.00
20:46:54   10014    9540      0      0     6447   2942   2525   892     9        390     0.3      1.00
20:46:55   10304   10004      0      0     6447   3462   2527   892     9        379     0.5      1.00
20:46:56   10690   10496      0      1     6447   3954   2528   893     9        397     0.2      1.00
20:46:57   11006   10729      0      1     6448   4188   2528   894    10        325     0.2      1.00
20:46:58   10982   10783      0      1     6448   4227   2529   894    10        343     0.3      1.00
20:46:59   10983   10783      0      1     6448   4227   2529   895    10        311     0.1      1.00
20:47:00   10983   10783      0      0     6449   4227   2529   896    10        273     0.1      1.00
20:47:01   10985   10783      0      0     6449   4227   2530   896    10        269     0.0      1.00
20:47:02   10985   10792      0      0     6449   4235   2530   897    10        263     0.2      1.00
20:47:03   10985   10792      0      0     6449   4235   2531   897    10        254     0.1      0.98
20:47:04   10986   10792      0      1     6449   4235   2531   898    10        255     0.1      0.98
20:47:05   11162   10792      0      1     6449   4235   2532   898    10        236     0.1      1.00
20:47:06   11355   10988      0      1     6450   4443   2532   899    10        230     0.1      0.98
20:47:07   11582   11277      0      1     6450   4733   2533   899    10        235     0.1      1.02
20:47:08   11810   11440      0      0     6451   4895   2533   900    10        235     0.1      0.98
20:47:09   11876   11709      2      0     6451   5152   2534   900    11        203     0.3      1.00
20:47:10   11876   11709      0      1     6451   5152   2535   900    11        264     0.1      0.98
20:47:11   11877   11710      0      0     6451   5152   2535   902    11        212     0.2      1.00
20:47:12   11877   11710      0      0     6451   5152   2535   902    11        135     0.0      1.00
20:47:13   11877   11710      0      0     6452   5152   2536   903    11        186     0.2      1.02
20:47:14   11877   11710      0      0     6452   5152   2536   903    11        136     0.0      1.00
20:47:15   11877   11710      0      0     6452   5152   2537   904    11        147     0.2      0.98
20:47:16   11877   11710      0      0     6452   5152   2537   904    11        146     0.0      1.00
20:47:17   11877   11710      0      0     6453   5152   2538   905    11        122     0.3      1.02
20:47:18   11877   11710      0      0     6453   5152   2538   905    11        193     0.0      1.00
20:47:19   11896   11710      0      0     6453   5152   2539   906    11        180     0.1      1.00
20:47:20   12071   11710      0      0     6453   5152   2539   906    11        181     0.0      0.95
20:47:21   12233   12010      0      0     6453   5464   2540   907    11        184     0.2      1.02
20:47:22   12395   12010      0      0     6453   5464   2540   907    11        167     0.0      1.02
20:47:23   12563   12345      0      0     6453   5799   2541   908    11        173     0.1      0.98
20:47:24   12741   12345      0      0     6453   5799   2541   908    11        184     0.0      1.02
20:47:25   12914   12694      0      0     6454   6148   2542   909    11        178     0.2      0.97
20:47:26   13067   12694      0      0     6454   6148   2542   909    11        157     0.0      1.00
20:47:27   13129   12969      0      0     6454   6409   2543   910    12        133     0.4      1.00
20:47:28   13129   12969      0      0     6454   6409   2543   910    12        180     0.0      0.95
20:47:29   13104   12976      0      0     6462   6409   2545   911    12        202     1.7      1.03
20:47:30   13104   12976      0      0     6462   6409   2545   911    12        181     0.0      1.00
20:47:31   13104   12976      0      0     6462   6409   2546   912    12        172     0.2      1.00
20:47:32   13104   12976      0      0     6462   6409   2546   912    12        155     0.0      0.98
20:47:33   13104   12977      0      5     6463   6409   2547   913    12        163     0.5      0.98
20:47:34   13104   12977      0      5     6463   6409   2547   913    12        152     0.0      1.05
20:47:35   13108   12980      0      0     6467   6409   2547   915    12        160     0.4      1.02
20:47:36   13108   12980      0      0     6467   6409   2547   915    12        149     0.0      1.02
20:47:37   13108   12980      0      0     6468   6409   2548   916    12        154     0.2      1.02
20:47:38   13108   12980      0      0     6468   6409   2548   916    12        142     0.0      0.98
20:47:39   13150   12994      0      0     6468   6434   2549   917    12        156     0.1      1.02
20:47:40   13279   12994      0      0     6468   6434   2549   917    12        133     0.0      1.00
20:47:41   13344   13249      0      0     6468   6690   2550   918    12        127     0.3      0.98
20:47:42   13212   13249      0      0     6468   6690   2550   918    12        113     0.0      1.02
20:47:43   12992   13464      0      0     6468   6905   2550   919    12        101     0.2      1.00
20:47:44   13096   13464      0      0     6468   6905   2550   919    12        106     0.0      1.00
20:47:45   13225   13695      0      0     6468   7136   2550   920    12        133     0.1      1.00
20:47:46   13354   13695      0      0     6468   7136   2550   920    12        132     0.0      0.97
20:47:47   13484   13950      0      0     6469   7390   2551   921    12        135     0.2      1.02
20:47:48   13535   13950      0      0     6469   7390   2551   921    12        120     0.0      0.97
20:47:49   13363   14199      0      0     6469   7640   2551   922    12        135     0.1      1.03
20:47:50   13228   14199      0      0     6469   7640   2551   922    12        102     0.0      0.98
20:47:51   13349   14424      0      0     6469   7865   2551   923    12        124     0.1      1.03
20:47:52   13474   14424      0      0     6469   7865   2551   923    13         91     0.1      1.00
20:47:53   13476   14512      0      1     6469   7939   2552   923    13        147     0.3      1.00
20:47:54   13476   14512      0      1     6469   7939   2552   923    13        168     0.0      1.00
20:47:55   13476   14512      0      0     6469   7939   2552   924    13        147     0.1      0.98
20:47:56   13476   14512      0      0     6469   7939   2552   924    13        142     0.0      0.98
20:47:57   13476   14512      0      0     6469   7939   2553   924    13        129     0.1      1.00
20:47:58   13483   14512      0      0     6469   7939   2553   924    13        137     0.0      1.00
20:47:59   13483   14526      0      1     6469   7953   2554   924    13        128     0.2      1.00
20:48:00   13483   14526      0      1     6469   7953   2554   924    13        129     0.0      0.98
20:48:01   13483   14526      0      1     6469   7953   2555   924    13        121     0.1      0.98
20:48:02   13483   14526      0      1     6469   7953   2555   924    13        127     0.0      1.03
20:48:03   13483   14526      0      1     6469   7953   2555   924    13        115     0.0      1.00
20:48:04   13483   14526      0      1     6469   7953   2555   925    13        115     0.2      1.00
20:48:05   13483   14526      0      1     6469   7953   2555   925    13        117     0.0      1.00
20:48:06   13483   14526      0      1     6469   7953   2556   925    13         84     0.1      0.98
20:48:07   13483   14526      0      1     6469   7953   2556   925    13         77     0.0      1.02
20:48:08   13483   14526      0      1     6469   7953   2556   925    13        121     0.0      0.98
20:48:09   13483   14526      0      1     6469   7953   2557   925    13        118     0.1      1.02
20:48:10   13495   14526      0      1     6469   7953   2557   925    13        120     0.0      1.00
20:48:11   13599   14641      0      1     6469   8080   2558   925    13        109     0.1      1.02
20:48:12   13707   14641      0      1     6469   8080   2558   925    13        110     0.0      1.00
20:48:13   13795   14641      0      1     6469   8080   2558   925    13         91     0.0      0.98
20:48:14   13905   14891      0      1     6469   8330   2558   926    13        113     0.2      1.02
20:48:15   14013   14891      0      1     6469   8330   2558   926    13        111     0.0      0.98
20:48:16   14125   15137      0      1     6469   8576   2559   926    13        116     0.1      1.02
20:48:17   14192   15137      0      1     6469   8576   2559   926    13         68     0.0      1.00
20:48:18   14259   15137      0      1     6469   8576   2559   926    13         69     0.0      1.00
20:48:19   14299   15137      0      1     6469   8576   2559   926    13         41     0.0      0.98
20:48:20   14358   15137      0      1     6469   8576   2559   926    13         61     0.0      1.00
20:48:21   14458   15435      0      1     6469   8874   2560   926    13        102     0.1      1.00
20:48:22   14566   15435      0      1     6469   8874   2560   926    13        111     0.0      0.97
20:48:23   14675   15697      0      1     6469   9136   2561   926    13        113     0.1      1.02
20:48:24   14779   15747      0      0     6469   9187   2561   927    13        107     0.2      1.00
20:48:25   14893   15747      0      0     6469   9187   2561   927    13        117     0.0      1.00
20:48:26   15000   16017      0      0     6469   9456   2562   928    13        112     0.4      1.02
20:48:27   15073   16017      0      0     6469   9456   2562   928    13         75     0.0      1.00
20:48:28   15158   16184      0      0     6469   9623   2562   929    13         87     0.1      1.00
20:48:29   15257   16184      0      0     6469   9623   2562   929    13        102     0.0      1.02
20:48:30   15342   16368      0      0     6469   9807   2562   930    13         88     0.1      0.98
20:48:31   15401   16368      0      0     6469   9807   2562   930    13         93     0.0      1.02
20:48:32   15409   16526      0      0     6469   9965   2562   931    13         71     0.3      0.98
20:48:33   15383   16526      0      0     6469   9965   2562   931    13         91     0.0      1.02
20:48:34   15261   16594      3      0     6469  10017   2562   931    14         83     0.3      1.00
20:48:35   15262   16594      0      1     6469  10017   2563   931    14        134     0.1      0.98
20:48:36   15262   16594      0      0     6469  10017   2563   932    14        114     0.2      0.98
20:48:37   15262   16594      0      0     6469  10017   2563   932    14        114     0.0      1.00
20:48:38   15262   16594      0      0     6469  10017   2563   933    14         97     0.1      1.00
20:48:39   15262   16594      0      0     6469  10017   2563   933    14         90     0.0      1.00
20:48:40   15262   16594      0      0     6469  10017   2563   934    14         86     0.2      1.02
20:48:41   15262   16594      0      0     6469  10017   2563   934    14         92     0.0      0.98
20:48:42   15262   16594      0      0     6469  10017   2563   935    14         78     0.2      1.00
20:48:43   15262   16594      0      0     6469  10017   2563   935    14         76     0.0      1.00
20:48:44   15262   16594      0      0     6469  10017   2563   936    14         85     0.1      0.98
20:48:45   15261   16594      0      0     6469  10017   2563   936    14         80     0.0      1.02
20:48:46   15261   16594      0      0     6469  10017   2563   937    14         78     0.1      1.00
20:48:47   15262   16594      0      0     6469  10017   2563   937    14         76     0.0      1.00
20:48:48   15262   16594      0      0     6470  10017   2563   938    14         75     0.2      1.02
20:48:49   15262   16594      0      0     6470  10017   2563   938    14         77     0.0      1.00
20:48:50   15263   16594      0      0     6470  10017   2563   939    14         73     0.2      1.00
20:48:51   15263   16594      0      0     6470  10017   2563   939    14         76     0.0      1.00
20:48:52   15263   16594      0      0     6470  10017   2563   940    14         78     0.3      1.00
20:48:53   15263   16594      0      0     6470  10017   2563   940    14         72     0.0      1.02
20:48:54   15263   16594      0      0     6470  10017   2563   941    14         71     0.2      0.98
20:48:55   15263   16594      0      0     6470  10017   2563   941    14         77     0.0      1.00
20:48:56   15263   16594      0      0     6470  10017   2563   942    14         71     0.1      1.00
20:48:57   15263   16594      0      0     6470  10017   2563   942    14         57     0.0      1.00
20:48:58   15263   16594      0      0     6471  10017   2563   943    14         77     0.1      1.00
20:48:59   15263   16594      0      0     6471  10017   2563   943    14         69     0.0      1.00
20:49:00   15263   16594      0      0     6471  10017   2563   944    14         69     0.3      1.00
20:49:01   15263   16594      0      0     6471  10017   2563   944    14         74     0.0      1.02
20:49:02   15259   16590      0      0     6471  10017   2563   945    14         69     0.4      1.00
20:49:03   15259   16590      0      0     6471  10017   2563   945    14         65     0.0      1.00
20:49:04   15259   16590      0      0     6471  10017   2563   946    14         51     0.1      1.02
20:49:05   15259   16590      0      0     6471  10017   2563   946    14         31     0.0      1.00
20:49:06   15259   16590      0      0     6471  10017   2563   947    14         32     0.4      1.02
20:49:07   15259   16590      0      0     6471  10017   2563   947    14         34     0.0      1.00
20:49:08   15259   16590      0      0     6471  10017   2563   948    14         66     0.4      1.00
20:49:09   15259   16590      0      0     6471  10017   2563   948    14         74     0.0      1.00
20:49:10   15309   16611      0      0     6471  10049   2563   949    14         70     0.2      1.00
20:49:11   15375   16611      0      0     6471  10049   2563   949    14         67     0.0      1.00
20:49:12   15444   16739      0      0     6471  10180   2563   950    14         71     0.1      1.00
20:49:13   15503   16739      0      0     6471  10180   2563   950    14         69     0.0      1.00
20:49:14   15395   16855      0      1     6471  10297   2563   951    14         36     0.3      0.98
20:49:15   15322   16855      0      1     6471  10297   2563   951    14         30     0.0      1.00
20:49:16   15382   16933      0      0     6472  10374   2563   952    14         63     0.3      0.98
20:49:17   15443   16933      0      0     6472  10374   2563   952    14         62     0.0      1.00
20:49:18   15514   17065      0      0     6472  10507   2563   953    14         73     0.1      1.00
20:49:19   15579   17065      0      0     6472  10507   2563   953    14         67     0.0      1.00
20:49:20   15645   17191      0      0     6472  10632   2563   954    14         68     0.1      0.98
20:49:21   15681   17191      0      0     6472  10632   2563   954    14         38     0.0      1.05
20:49:22   15709   17278      0      0     6472  10719   2563   955    14         28     0.2      1.00
20:49:23   15711   17278      0      0     6472  10719   2563   955    14         24     0.0      1.00
20:49:24   15712   17328      0      0     6472  10769   2563   956    14         27     0.2      0.98
20:49:25   15767   17328      0      0     6472  10769   2563   956    14         56     0.0      0.98
20:49:26   15835   17434      0      0     6472  10875   2563   957    14         70     0.1      1.00
20:49:27   15871       0      0      0        0      0   2563   957    14          0     0.0      0.00
