time       ws MB  commit   gen0   gen1  gen2 MB    loh   #gc0  #gc1  #gc2 alloc MB/s pause % cpu cores
20:35:22     897     753      0      0      656     77      0     0     0          0     0.0      0.00
20:35:27     892     753      0      0      656     77     93    24     0        186     1.5      1.07
20:35:32     891     753      0      0      656     77    206    35     0        198     1.3      1.03
20:35:37     888     753      0      0      656     77    209    35     0          6     0.0      1.02
20:35:42     890     753      0      0      656     77    213    35     0          6     0.0      1.02
20:35:47     890     753      0      0      656     77    215    36     0          6     0.0      1.03
20:35:52     890     753      0      0      656     77    219    36     0          6     0.0      1.02
20:35:57     888     753      0      0      656     77    223    36     0          6     0.0      1.02
20:36:02     889     753      0      0      656     77    225    37     0          6     0.0      1.03
20:36:07     889     753      0      0      656     77    229    37     0          6     0.0      1.01
20:36:12     888     753      0      0      656     77    232    37     0          6     0.0      1.01
20:36:17     899     762      0      0      669     77    371    54     0        250     2.2      1.02
20:36:22     899     762      0      0      669     77    374    54     0          5     0.0      1.03
20:36:27     896     762      0      0      669     77    377    54     0          5     0.0      1.02
20:36:32     896     762      0      0      669     77    379    55     0          5     0.0      1.02
20:36:37     897     762      0      0      669     77    382    55     0          5     0.0      1.02
20:36:42     897     762      0      0      669     77    385    55     0          5     0.0      1.01
20:36:47     897     762      0      0      669     77    388    55     0          5     0.0      1.02
20:36:52     896     762      0      0      669     77    390    56     0          5     0.0      0.99
20:36:57     896     762      0      0      669     77    393    56     0          4     0.0      1.01
20:37:02     893     758      0      0      668     77    396    56     1          5     0.1      1.08
20:37:07     893     758      0      0      668     77    399    56     1          5     0.0      1.02
20:37:12     895     759      0      0      668     77    677    64     1        457     2.9      1.02
20:37:17     895     759      0      0      668     77    732    69     1         96     0.5      1.02
20:37:22     894     759      0      0      668     77    735    69     1          4     0.0      1.02
20:37:27     893     759      0      0      668     77    738    69     1          4     0.0      1.02
20:37:32     893     759      0      0      668     77    740    70     1          4     0.0      1.02
20:37:37     893     759      0      0      668     77    742    70     1          4     0.0      1.03
20:37:42     893     759      0      0      668     77    745    70     1          4     0.0      1.01
20:37:47     893     759      0      0      668     77    748    70     1          4     0.0      1.03
20:37:52     894     759      0      0      668     77    749    71     1          4     0.0      1.03
20:37:57     894     759      0      0      668     77    752    71     1          4     0.0      1.02
20:38:02     894     759      0      0      668     77    755    71     1          4     0.0      1.02
20:38:07     894     759      0      0      668     77    758    71     1          4     0.0      1.00
20:38:12     894     759      0      0      668     77    760    71     1          4     0.0      1.02
20:38:17     894     759      0      0      668     77    762    72     1          4     0.0      1.03
20:38:22     894     759      0      0      668     77    765    72     1          5     0.0      1.05
20:38:27     899     762      0      0      668     77    766    73     2          3     6.9      1.13
20:38:32     899     762      0      0      668     77    768    73     2          5     0.0      1.01
20:38:37     899     762      0      0      668     77    771    73     2          5     0.0      1.00
20:38:42     899     762      0      0      668     77    774    73     2          5     0.0      1.00
20:38:47     901     763      0      0      669     77    919    95     2        266     2.4      0.99
20:38:52     901     763      0      0      669     77    921    95     2          4     0.0      0.99
20:38:57     901     763      0      0      669     77    924    95     2          4     0.0      1.00
20:39:02     901     763      0      0      669     77    926    95     2          4     0.0      1.00
20:39:07     901     763      0      0      669     77    929    95     2          4     0.0      1.00
20:39:12     901     763      0      0      669     77    930    96     2          4     0.0      1.00
20:39:17     901     763      0      0      669     77    933    96     2          4     0.0      1.00
20:39:22     901     763      0      0      669     77    935    96     2          4     0.0      1.00
20:39:27     901     763      0      0      669     77    938    96     2          4     0.0      1.00
20:39:32     901     763      0      0      669     77    940    96     2          4     0.0      1.00
20:39:37     901     763      0      0      669     77    942    97     2          4     0.0      1.00
20:39:42     901     763      0      0      669     77    945    97     2          4     0.0      0.99
20:39:47     901     763      0      0      669     77    947    97     2          4     0.0      0.99
20:39:52     901     763      0      0      669     77    950    97     2          4     0.0      1.00
20:39:57     901     763      0      0      669     77    951    98     2          4     0.0      1.00
20:40:02     901     763      0      0      669     77    954    98     2          4     0.0      1.00
20:40:07     888     751      0      0      669     68    956    98     3          4     0.0      1.06
20:40:12     888     751      0      0      669     68    959    98     3          4     0.0      1.00
20:40:17     888     751      0      0      669     68    961    98     3          4     0.0      0.99
20:40:22     889     751      0      0      670     68    990   102     3         52     0.3      1.00
20:40:27     895     757      0      0      675     68   1246   113     3        425     2.3      1.01
20:40:32     895     757      0      0      675     68   1248   113     3          4     0.0      1.00
20:40:37     895     757      0      0      675     68   1250   113     3          3     0.0      0.99
20:40:42     895     757      0      0      675     68   1252   113     3          4     0.0      1.00
20:40:47     895     757      0      0      675     68   1255   113     3          4     0.0      1.00
20:40:52     895     757      0      0      675     68   1256   114     3          4     0.0      1.00
20:40:57     895     757      0      0      675     68   1258   114     3          4     0.0      1.00
20:41:02     895     757      0      0      675     68   1261   114     3          4     0.0      1.00
20:41:07     895     757      0      0      675     68   1263   114     3          4     0.0      1.00
20:41:12     895     757      0      0      675     68   1266   114     3          4     0.0      1.00
20:41:17     895     757      0      0      675     68   1267   115     3          4     0.0      1.00
20:41:22     895     757      0      0      675     68   1269   115     3          4     0.0      1.00
20:41:27     895     757      0      0      675     68   1272   115     3          4     0.0      1.00
20:41:32     895     757      0      0      675     68   1274   115     3          4     0.0      1.00
20:41:37     895     757      0      0      675     68   1277   115     3          4     0.0      0.99
20:41:42     895     757      0      0      675     68   1278   116     3          4     0.0      1.00
20:41:47     895     757      1      0      675     68   1280   116     4          4     0.0      1.07
20:41:52     895     757      0      0      675     68   1283   116     4          4     0.0      1.00
20:41:57     895     757      0      0      675     68   1285   116     4          4     0.0      1.00
20:42:02     895     757      0      0      675     68   1288   116     4          4     0.0      1.00
20:42:07     895     757      0      0      675     68   1290   116     4          4     0.0      1.00
20:42:12     895     757      0      0      675     68   1291   117     4          4     0.0      1.00
20:42:17     895     757      0      0      675     68   1294   117     4          4     0.0      1.00
20:42:22     896     757      0      0      675     68   1296   117     4          4     0.0      1.00
20:42:27     896     757      0      0      675     68   1299   117     4          4     0.0      1.01
20:42:32     896     757      0      0      675     68   1308   118     4         17     0.1      1.00
20:42:37     900     761      0      0      680     68   1446   131     4        240     1.4      1.00
20:42:42     900     761      0      0      680     68   1448   131     4          4     0.0      1.00
20:42:47     900     761      0      0      680     68   1450   131     4          4     0.0      1.00
20:42:52     900     761      0      0      680     68   1453   131     4          4     0.0      0.99
20:42:57     900     761      0      0      680     68   1455   131     4          4     0.0      1.00
20:43:02     900     761      0      0      680     68   1456   132     4          4     0.0      1.00
20:43:07     900     761      0      0      680     68   1458   132     4          4     0.0      1.00
20:43:12     900     761      0      0      680     68   1461   132     4          4     0.0      1.00
20:43:17     900     761      0      0      680     68   1463   132     4          4     0.0      1.00
20:43:22     906     769      0      0      680     68   1463   133     5          3     7.0      1.11
20:43:27     906     769      0      0      680     68   1465   133     5          4     0.0      1.00
20:43:32     906     769      0      0      680     68   1468   133     5          4     0.0      1.00
20:43:37     906     769      0      0      680     68   1470   133     5          4     0.0      1.00
20:43:42     906     769      0      0      680     68   1472   133     5          4     0.0      1.01
20:43:47     906     769      0      0      680     68   1474   134     5          4     0.0      1.00
20:43:52     906     769      0      0      680     68   1476   134     5          4     0.0      0.99
20:43:57     906     769      0      0      680     68   1478   134     5          4     0.0      1.00
20:44:02     906     769      0      0      680     68   1480   134     5          4     0.0      1.00
20:44:07     906     769      0      0      680     68   1483   134     5          4     0.0      1.00
20:44:12     906     769      0      0      680     68   1485   134     5          4     0.0      1.00
20:44:17     906     769      0      0      680     68   1486   135     5          4     0.0      1.00
20:44:22     906     769      0      0      680     68   1489   135     5          4     0.0      1.00
20:44:27     906     769      0      0      680     68   1491   135     5          4     0.0      1.00
20:44:32     906     769      0      0      680     68   1493   135     5          4     0.0      0.99
20:44:37     906     769      0      0      680     68   1496   135     5          4     0.0      1.00
20:44:42     906     769      0      0      680     68   1497   136     5          4     0.0      1.00
20:44:47     906     769      0      0      680     68   1499   136     5          4     0.0      1.00
20:44:52     906     769      0      0      682     68   1625   145     5        215     1.1      1.00
20:44:57     906     769      0      0      682     68   1638   145     5         21     0.1      1.01
20:45:02     904     767      0      0      682     68   1640   145     6          4     0.0      1.05
20:45:07     904     767      0      0      682     68   1643   145     6          3     0.0      1.00
20:45:12     904     767      0      0      682     68   1645   145     6          4     0.0      1.00
